//#rank PAPI_DP_OPS PAPI_REF_CYC PAPI_SP_OPS PAPI_TOT_CYC PAPI_VEC_SP wtime utime stime mtime pcomm gbyte gflop bytes_tx bytes_rx
3 96.5065502183406 91.7852441263415 100 91.9857054860599 = 38.2732925962257 92.2121366800565 49.2560612712815 100 100 0 = =
11 68.7772925764192 100 100 100 = 100 100 27.9924076119012 99.8966302328219 100 0 = =
2 97.3799126637555 89.9279214267125 100 90.1215962447415 = 39.884943169035 88.9340642269025 61.9413807325413 98.1061960797997 100 0 = =
5 96.943231441048 89.3457459787932 100 89.5321633378489 = 41.6872002087852 89.265925416306 62.3649047181902 97.1401031080716 100 0 = =
0 70.0873362445415 96.5872446866381 100 96.7994879645861 = 38.3244089669633 95.7526798197918 41.1374390768508 89.1077924230397 100 0 = =
6 94.7598253275109 76.1587574094678 100 76.3224376189774 = 40.3833277837274 76.0232879853821 100 82.5108821759118 100 0 = =
8 97.5982532751092 78.0343677397537 100 78.2039746456987 = 42.457455520658 77.825961517122 95.2002093228494 82.1750394724217 100 0 = =
1 100 88.1211159480992 100 88.3127319479138 = 39.994645380178 87.7347477751393 64.9042747096311 82.1054720552701 100 0 = =
9 94.7598253275109 76.822139881728 100 76.9864715661149 = 39.1038436271025 76.8272709114716 98.1976947877723 81.9861824716278 100 0 = =
7 99.3449781659389 78.3714201783814 100 78.5407761745056 = 37.7169970932064 78.2602069878752 93.9207677536376 65.5109170686602 100 0 = =
4 98.2532751091703 83.2617830133837 100 83.3715102390486 = 40.9132551588837 83.8265385383608 73.3179889041151 63.9413976290378 100 0 = =
10 98.6899563318777 85.8445993867372 100 86.031203180131 = 37.6874791889776 85.5663315504857 71.400822213057 63.3041688111168 100 0 = =


