//#rank PAPI_DP_OPS PAPI_REF_CYC PAPI_SP_OPS PAPI_TOT_CYC PAPI_VEC_SP wtime utime stime mtime pcomm gbyte gflop bytes_tx bytes_rx
10 96.9325153374233 79.8661010848344 100 80.7965687983207 = 99.9985357854047 78.265130489924 87.6039298338782 100 100 0 = =
9 97.8527607361963 73.4067580617257 100 74.6701504622346 = 99.9934110343212 56.4199066105561 97.2277079841346 98.853634545275 100 0 = =
7 98.4662576687117 57.1573047128257 100 57.5589099913441 = 100 50.8783054839533 94.2579285394228 98.0078472097794 100 0 = =
6 97.1370143149284 55.6152650282216 100 56.5627538546974 = 95.2632657842333 45.8950645243644 95.6967655210183 97.8283048052276 100 0 = =
8 98.6707566462168 80.5528220182474 100 81.5021860944371 = 99.9934110343212 81.2908167046868 81.8270076505634 97.7445671053449 100 0 = =
4 96.6257668711656 59.4874147491438 100 59.8664756479744 = 95.5451270938269 84.5553295395588 65.8612277411753 97.3880419639233 100 0 = =
5 100 75.6050698922091 100 76.7897092966073 = 95.4667916129788 72.4781144226572 81.6942429925154 97.1649852087775 100 0 = =
2 97.6482617586912 63.3482966601968 100 64.2529136725394 = 95.5465913084222 54.8296507366566 100 96.6654843439755 100 0 = =
3 96.2167689161554 84.2671818206535 100 85.1739442062625 = 95.5085217289446 100 63.9502464443965 95.4412318583553 100 0 = =
1 97.8527607361963 70.4626808919723 100 71.4286931379609 = 95.5553765959939 74.8984986864536 91.0682576298189 95.4317245212507 100 0 = =
0 60.5316973415133 100 15.3846153846154 100 = 95.5685545273515 93.3359137588839 76.783610202964 95.0561847056199 100 0 = =
11 60.9406952965235 88.4345265172958 100 90.0487677366201 = 99.9882862832377 82.7789536099879 91.5022321058134 93.9156699198824 100 0 = =


