//#rank wtime utime stime mtime pcomm gbyte gflop bytes_tx bytes_rx
11 39.9259219206229 100 24.6382530169141 100 100 0 = =
9 45.9487106383397 85.5435062189753 64.1084150498377 82.7655610732064 100 0 = =
5 90.2567909002428 81.3516477993372 78.3711087058367 78.4210599879796 100 0 = =
0 64.8215145944139 89.8933889941728 54.5023505274551 77.367381698305 100 0 = =
8 64.8215145944139 72.3674679738292 100 77.2146312924681 100 0 = =
3 90.364442521899 81.6778963987003 78.2560055572608 77.0453079667823 100 0 = =
2 100 74.6761905043475 91.8632170724221 74.4455559615588 100 0 = =
6 45.8540361984722 73.2485017990238 98.1652154246297 72.0205184728154 100 0 = =
10 40.1964764985204 86.8255878239943 60.625434160999 70.9590529075491 100 0 = =
7 90.2150083073626 81.7256437016429 77.0439895962909 67.5314536048097 100 0 = =
1 90.364442521899 82.0703703594204 75.9458651718066 67.1015560574022 100 0 = =
4 64.8220061543302 76.5322745159488 91.3809954604934 50.0613996729344 100 0 = =


