//#rank wtime utime stime mtime pcomm gbyte gflop bytes_tx bytes_rx
8 94.6190450482412 91.0238577962186 69.3706307211 100 100 0 = =
7 94.7216202250484 95.2437644396247 73.894403460662 84.3423458436752 100 0 = =
6 96.4869930048357 93.4862558347871 79.9013170599822 82.9630872779628 100 0 = =
4 96.5139864724165 100 74.3617473253254 64.8308939786067 100 0 = =
5 94.4833064684061 62.2082606440662 93.8501795990885 64.7783381767111 100 0 = =
2 96.478509343596 91.7570371068886 78.0145610443784 47.3094962592635 100 0 = =
3 94.4725090813737 54.6360035833844 100 47.2149841449303 100 0 = =
0 96.3882740376829 97.2582394266585 87.2745355528948 41.4447104131151 100 0 = =
1 96.2849276189448 67.2096751379132 91.8832799042138 15.583855210974 100 0 = =
9 100 83.1356971097176 67.2019234483025 6.88639997173469 100 0 = =


