//#rank PAPI_DP_OPS PAPI_REF_CYC PAPI_SP_OPS PAPI_TOT_CYC PAPI_VEC_SP wtime utime stime mtime pcomm gbyte gflop bytes_tx bytes_rx
11 60.8058608058608 100 100 99.8978014995482 = 87.4717845225198 100 57.618823620383 100 100 0 = =
0 61.0500610500611 99.7333839196295 15.3846153846154 100 = 100 99.5061599654387 59.3480165992216 93.4704093587279 100 0 = =
9 98.5347985347985 92.2568612809569 100 91.802373749666 = 66.0602678975801 92.2825390677373 91.6836353326288 92.5278868230926 100 0 = =
8 100 90.699299330549 100 90.4894304630786 = 99.9996376824722 91.0453319826597 96.6824110111607 91.0720783585124 100 0 = =
5 96.2148962148962 91.5466113494929 100 91.1218117668832 = 87.6783055133858 92.6236834656696 88.5471170451324 90.1656585028946 100 0 = =
2 96.7032967032967 91.5747251770696 100 91.4792706344381 = 100 91.7886990331759 92.4543134778462 89.4451745842841 100 0 = =
6 95.1159951159951 90.7306571339318 100 90.5234341607977 = 58.0592099303988 91.6479211047716 93.8896693043277 89.3328709907118 100 0 = =
3 94.993894993895 92.5888332662812 100 92.3096967653479 = 87.4395382625425 93.6761660732641 91.2515787303142 89.1318090296656 100 0 = =
10 95.8485958485958 89.9863385700251 100 89.8353694742586 = 76.4830562208108 90.847944940188 99.374629481661 38.8721694000534 100 0 = =
7 96.5811965811966 88.954450481117 100 88.5440460610487 = 87.4395382625425 89.1802106454929 97.0397195659458 36.4714125280581 100 0 = =
4 97.0695970695971 89.9780682421971 100 89.8133782928367 = 99.9996376824722 90.4002860249974 100 35.8789290204187 100 0 = =
1 97.0695970695971 92.0893099750015 100 92.0432870154817 = 67.3044662881656 92.4002264364563 91.8328092378277 35.2447775975022 100 0 = =


