//#rank PAPI_DP_OPS PAPI_REF_CYC PAPI_SP_OPS PAPI_TOT_CYC PAPI_VEC_SP wtime utime stime mtime pcomm gbyte gflop bytes_tx bytes_rx
2 100 94.5579442095575 100 94.5331065248624 = 99.9993675169347 95.1816121039591 78.6197125256674 100 100 0 = =
11 62.3962040332147 98.9927936850206 100 98.9989826646123 = 58.6990666658234 99.4886393589541 49.7552361396304 99.8772893794671 100 0 = =
0 62.0403321470937 100 100 100 = 36.4647569894649 100 48.5063655030801 98.0814574977735 100 0 = =
9 93.8315539739027 91.7555683476722 100 91.8016046683789 = 99.9997891723116 91.8478833886868 98.0570841889117 88.9644864524859 100 0 = =
6 93.5943060498221 96.3111256076681 100 96.299564434325 = 67.8650112476572 96.4369497601349 71.2657084188912 86.9463010238965 100 0 = =
3 94.7805456702254 91.060584762779 100 91.1058569641243 = 87.2858254220243 91.2277927144288 95.4406570841889 84.8504702123536 100 0 = =
8 94.3060498220641 92.0494165855412 100 92.0962984582278 = 100 92.0185565923349 95.5811088295688 84.2900679307922 100 0 = =
5 95.1364175563464 91.3863555440543 100 91.4306659175541 = 67.8205266054001 91.8893984922769 99.6776180698152 80.3710569403438 100 0 = =
1 98.220640569395 95.0075037674041 100 95.0308193780176 = 36.1364982785919 95.5400917286098 79.2813141683778 53.8537912468802 100 0 = =
4 94.4246737841044 96.0317608448301 100 96.0200410188337 = 87.2417624351441 95.7944541093363 73.5712525667351 48.5427519283522 100 0 = =
10 97.153024911032 93.1526653501089 100 93.1993778845387 = 45.4786948079465 93.6712530971585 81.2250513347023 43.3795123204079 100 0 = =
7 93.9501779359431 91.7383136949562 100 91.7845386878921 = 72.9931839408333 91.4281195634983 100 40.7207822088625 100 0 = =


