80 2618
Standard answer matrix: 
0 215 207 221 188 217 99 119 141 162 138 227 147 148 228 171 157 60 319 161 213 148 98 172 138 244 187 145 160 253 130 264 231 172 29 142 146 167 344 149 223 196 159 187 210 220 201 179 190 158 180 172 179 141 201 33 121 252 131 64 185 137 212 176 133 147 256 151 209 192 256 174 159 162 173 181 233 204 94 123 
154 0 204 198 117 110 61 81 138 139 135 189 144 110 190 133 169 165 324 110 174 108 60 134 100 217 149 105 157 234 183 229 197 149 134 104 198 129 306 111 183 173 259 149 172 182 170 205 189 120 46 216 145 103 130 111 83 73 185 169 224 99 181 216 136 107 218 191 152 154 253 67 51 124 135 100 28 166 56 85 
177 198 0 177 168 100 78 98 157 118 154 81 163 31 207 27 159 87 260 100 185 119 77 151 117 207 83 124 176 224 135 246 91 168 56 121 173 146 198 128 67 167 186 166 66 183 181 139 206 155 163 199 139 72 124 64 100 108 158 69 210 116 175 108 160 126 139 156 180 171 189 57 130 45 128 135 212 173 121 102 
98 143 136 0 170 170 113 133 70 54 67 135 76 145 195 163 120 158 222 170 106 40 112 98 104 149 123 37 89 210 213 169 197 81 127 139 38 134 252 163 115 187 164 154 128 148 102 163 95 86 108 64 163 107 144 115 135 170 154 147 90 151 113 162 115 39 192 36 101 118 151 127 51 85 99 152 171 171 118 90 
37 128 93 166 0 84 70 90 27 107 24 150 33 114 152 120 143 97 213 84 78 63 69 96 61 181 158 60 46 208 167 190 184 104 66 111 160 91 267 120 123 56 155 111 159 162 125 186 127 100 93 186 139 64 13 70 92 174 68 101 122 108 136 128 19 62 227 175 124 116 142 41 74 128 97 132 156 128 80 47 
125 139 139 166 131 0 95 115 97 107 94 175 79 125 218 166 59 185 221 0 89 67 94 166 86 107 165 64 116 124 201 215 230 68 154 122 91 161 292 145 133 67 201 181 166 143 129 190 146 132 104 106 179 89 24 97 61 126 181 174 223 56 140 198 142 66 228 169 128 121 188 151 78 127 28 153 129 158 114 117 
127 187 183 209 90 118 0 20 117 150 114 179 123 49 201 72 121 187 283 62 168 121 71 145 111 169 101 118 136 186 180 240 136 130 156 43 153 140 296 50 195 146 245 160 111 205 183 157 168 149 152 168 156 104 103 82 22 153 158 114 163 110 194 206 109 120 170 130 182 165 232 75 132 63 90 154 134 177 148 96 
107 167 163 227 70 98 90 0 97 168 94 170 103 29 219 162 157 167 283 98 148 133 89 163 129 202 81 130 116 222 184 222 155 166 136 23 189 158 287 30 191 126 225 178 147 194 195 137 148 167 132 204 137 84 83 62 112 159 138 118 143 128 206 197 89 132 150 171 194 183 212 55 137 43 126 172 114 195 128 114 
139 130 66 181 134 162 44 64 0 122 120 124 6 93 125 93 165 153 186 106 139 93 43 69 35 204 132 90 19 230 143 164 157 110 122 87 133 64 241 94 96 117 128 84 132 135 105 188 172 73 95 159 128 38 74 46 66 147 157 77 207 82 116 101 121 92 201 164 154 89 115 119 104 107 70 105 158 101 53 20 
59 170 106 59 140 175 74 94 40 0 37 163 46 106 165 133 173 119 226 136 67 1 82 109 74 208 158 7 59 171 183 203 176 51 88 100 97 104 280 124 85 157 161 124 100 175 63 124 154 113 135 123 124 77 114 85 96 134 115 117 149 121 74 139 85 9 227 95 62 129 155 132 12 120 110 145 176 141 93 60 
66 133 69 142 103 164 46 66 3 83 0 126 9 95 128 96 167 126 189 108 75 39 45 72 37 207 134 36 22 209 146 166 160 80 95 89 136 67 243 96 99 120 131 87 135 138 101 162 174 76 98 162 130 40 77 48 68 150 153 80 207 84 112 104 48 38 203 167 100 92 118 121 50 109 73 108 161 104 56 23 
124 182 162 169 90 118 48 20 96 110 93 0 102 49 177 120 139 184 282 80 132 66 47 100 87 130 101 63 115 204 170 216 175 107 153 43 164 116 117 50 141 146 194 136 159 185 128 157 168 125 147 186 132 42 103 82 70 179 158 138 163 86 139 27 109 65 170 178 127 120 211 75 77 63 101 130 134 153 126 72 
175 126 60 237 138 160 106 68 165 178 162 141 0 91 235 87 219 147 180 160 216 155 105 179 145 264 143 152 145 284 195 274 151 196 116 91 204 174 258 98 127 194 122 194 126 131 99 182 210 69 91 230 182 132 151 124 128 143 151 129 205 144 110 168 157 154 199 216 216 199 109 117 166 105 180 170 154 211 101 130 
168 195 202 198 151 69 61 81 140 139 137 141 146 0 190 133 128 208 290 69 158 110 60 134 100 176 52 107 159 193 155 229 126 137 177 104 160 129 258 111 162 136 237 149 118 165 172 108 189 138 160 175 108 55 93 33 83 160 219 89 224 99 183 168 170 109 121 176 171 154 224 26 121 14 97 143 195 166 139 85 
152 170 106 221 115 199 84 104 40 162 139 164 46 133 0 133 205 193 226 146 179 133 83 109 75 244 172 130 59 270 183 204 197 150 162 127 173 104 281 134 136 157 168 124 172 175 145 228 212 113 135 199 168 78 114 86 106 187 183 117 237 122 156 141 134 132 241 204 194 129 155 156 144 147 110 145 198 141 93 60 
150 260 196 150 197 168 153 127 130 91 127 107 136 156 208 0 135 173 233 152 158 92 154 128 164 237 208 98 149 231 108 262 64 141 142 150 188 194 224 157 176 235 175 214 39 219 154 215 188 203 225 214 131 149 192 175 175 81 189 42 183 193 148 134 175 99 277 129 153 148 162 182 103 170 129 108 233 231 183 150 
90 223 121 220 215 84 164 184 147 161 144 202 153 152 271 148 0 150 162 84 173 117 163 175 170 191 155 114 165 208 220 246 212 152 119 206 175 210 247 214 188 151 249 230 187 84 179 211 172 216 188 190 211 158 108 123 145 210 221 154 167 140 190 229 192 116 224 113 178 195 262 178 128 166 112 229 213 242 184 166 
117 155 173 161 129 157 39 59 107 102 104 167 113 88 168 111 160 0 270 101 154 88 38 112 78 208 127 85 126 225 161 207 175 129 146 82 86 107 284 89 163 185 212 127 150 160 141 183 167 98 120 112 123 81 142 89 61 192 193 153 202 77 152 194 99 87 196 169 149 132 199 114 99 102 113 121 173 144 34 63 
99 129 146 99 112 140 22 42 80 40 77 150 86 71 151 94 143 159 0 84 107 41 21 95 61 191 109 47 99 208 144 190 140 91 128 65 24 90 267 72 125 168 150 110 133 134 103 162 150 72 94 50 106 64 125 72 44 171 155 118 185 60 114 177 125 49 135 135 100 115 137 97 52 71 96 104 156 127 104 46 
149 170 180 166 131 143 110 130 147 107 144 233 153 159 218 182 59 209 221 0 174 108 109 178 144 107 165 114 166 124 232 273 233 68 178 153 91 173 306 160 133 187 217 193 205 143 170 221 231 139 147 106 194 147 144 155 132 174 199 202 226 148 181 244 150 116 228 172 167 153 204 168 119 127 28 192 129 158 157 129 
134 194 190 216 97 108 7 27 124 157 121 180 130 39 208 79 128 194 290 69 0 128 78 152 118 176 91 125 143 193 187 247 143 137 163 33 160 147 297 57 136 153 252 167 118 204 190 147 175 156 159 175 147 94 110 72 29 160 165 121 170 117 201 207 116 127 160 137 189 172 239 65 139 53 97 161 141 184 138 103 
58 171 107 114 141 174 73 93 41 55 38 164 47 105 166 134 174 118 227 135 66 0 83 110 75 227 157 8 60 170 184 204 175 52 87 99 152 105 281 123 86 158 162 125 99 176 62 123 173 114 136 178 123 78 115 86 95 133 114 118 168 122 73 138 86 10 226 150 61 130 156 131 11 119 111 146 175 142 94 61 
108 135 146 138 91 119 1 21 80 79 77 129 86 50 130 73 122 148 266 63 116 50 0 74 40 170 89 47 99 187 123 169 137 91 117 44 138 69 246 51 125 147 201 89 112 140 112 145 129 78 100 164 85 43 104 51 23 154 159 115 164 39 123 156 110 49 158 131 111 94 195 76 61 64 75 83 135 106 110 25 
70 169 126 139 107 153 83 103 60 80 57 183 66 132 185 153 163 130 246 145 132 81 82 0 94 227 149 87 79 249 200 163 206 41 99 126 64 124 300 133 156 163 188 144 178 174 143 202 211 112 134 90 167 97 120 103 105 207 175 134 229 121 154 124 52 89 201 175 140 20 175 148 92 111 1 165 197 161 113 80 
116 118 154 146 99 127 9 29 88 87 85 89 94 58 138 81 130 156 243 71 124 58 8 82 0 178 97 55 107 195 131 129 145 99 125 52 146 77 206 59 133 155 209 97 120 123 120 153 137 61 83 172 93 3 112 11 31 162 167 103 172 47 131 116 118 57 166 139 119 102 203 84 69 72 83 91 143 114 87 33 
61 152 117 190 24 108 94 114 51 131 48 174 57 138 111 144 167 121 188 108 102 80 93 120 85 0 182 84 70 232 191 214 208 128 90 135 184 115 291 144 147 80 179 135 179 186 142 203 151 124 117 210 163 88 37 94 116 198 92 125 146 132 153 152 43 86 246 199 141 140 166 65 91 152 121 156 180 152 104 71 
116 143 150 146 99 127 9 29 88 87 85 89 94 58 138 81 130 156 243 71 124 58 8 82 48 178 0 55 107 195 103 177 74 99 125 52 146 77 206 59 133 155 185 97 120 113 120 56 137 86 108 172 56 3 112 59 31 162 167 37 172 47 131 116 118 57 69 124 119 102 172 84 69 72 83 91 143 114 87 33 
61 163 99 106 133 177 76 96 33 47 30 156 39 108 158 126 166 121 219 138 69 3 75 102 67 230 160 0 52 173 176 196 178 44 90 102 144 97 273 126 78 150 154 117 102 168 65 126 176 106 128 170 126 70 107 78 98 136 117 110 171 114 76 134 78 2 229 142 64 122 148 134 14 122 103 138 178 134 86 53 
120 111 153 162 115 143 25 45 104 103 101 105 110 74 106 92 146 151 259 87 120 74 24 50 16 194 113 71 0 211 147 145 156 91 120 68 114 45 222 75 149 98 225 65 131 116 136 169 153 54 76 140 109 19 55 27 47 173 183 119 188 63 147 132 102 73 182 155 135 70 219 100 85 88 51 86 139 82 86 1 
106 58 144 151 94 87 29 49 78 92 75 109 84 78 110 73 146 142 263 87 114 48 28 54 20 194 117 45 97 0 151 149 137 89 111 72 118 49 226 79 9 150 199 69 112 120 110 171 157 58 23 144 113 23 107 31 51 50 162 115 192 67 121 136 106 47 186 159 109 51 193 44 28 92 55 77 5 34 33 5 
117 181 148 247 197 111 152 172 142 188 171 229 148 179 233 150 27 177 189 111 200 144 151 177 143 218 182 141 161 123 0 272 202 179 146 195 199 172 274 202 132 178 270 192 189 111 206 238 199 181 146 217 150 146 135 150 172 173 248 181 194 167 217 243 216 143 251 140 205 174 257 167 151 193 139 200 128 157 156 128 
165 171 212 165 176 171 86 106 146 106 143 166 152 135 167 153 146 176 274 87 165 107 85 111 77 184 85 113 165 113 148 0 118 152 145 129 90 106 283 136 122 143 216 126 42 177 169 66 214 115 136 44 66 80 100 88 108 84 215 82 223 124 180 81 163 115 154 169 4 131 203 157 118 65 112 111 118 143 146 62 
94 196 132 150 166 210 109 129 66 91 63 189 72 141 191 159 199 154 169 171 102 36 108 135 100 220 193 44 85 206 209 229 0 77 123 135 188 130 306 159 122 183 111 150 135 201 98 159 209 139 161 214 159 103 140 111 131 132 150 143 204 138 109 117 111 35 262 186 97 155 98 167 47 155 136 159 211 167 119 86 
182 249 185 258 215 206 125 145 119 199 116 242 125 155 244 197 122 242 284 187 118 155 161 188 153 294 207 152 138 303 180 282 261 0 211 151 252 183 359 175 215 236 247 203 236 206 217 263 290 192 214 278 246 156 193 164 147 266 269 196 288 200 228 220 164 154 276 235 216 208 234 181 166 169 189 224 259 220 172 139 
122 186 178 192 159 188 70 90 112 133 109 198 118 119 199 142 128 31 290 132 184 119 69 143 109 215 158 116 131 224 101 235 206 143 0 113 117 138 315 120 194 167 130 158 181 191 172 214 161 129 151 143 154 112 172 120 92 223 102 35 156 108 183 187 104 118 227 122 180 163 227 145 130 133 144 152 204 175 65 94 
174 201 208 204 157 75 67 87 146 145 143 147 152 6 196 139 134 214 296 75 164 116 66 140 106 182 58 113 165 199 161 235 132 143 183 0 166 135 264 117 168 142 243 155 124 171 178 114 195 144 166 181 114 61 99 39 89 166 225 95 202 105 189 174 176 115 127 148 177 160 230 32 127 20 103 149 201 172 105 91 
75 105 122 75 156 191 85 105 56 16 53 174 62 122 181 149 189 135 184 147 83 17 84 125 90 224 85 23 75 185 188 219 159 67 104 116 0 120 291 135 101 173 126 140 114 110 79 138 170 48 70 26 138 88 130 101 107 147 131 122 165 123 90 153 101 25 154 111 76 145 113 148 28 47 126 161 133 157 80 76 
75 66 108 144 112 158 46 66 65 85 62 154 71 95 175 47 167 135 251 108 137 86 45 5 85 206 134 92 84 232 155 168 111 46 104 89 69 0 271 96 161 168 193 134 86 71 148 190 152 9 31 95 130 88 125 96 68 128 180 89 147 84 159 129 57 94 203 176 145 25 180 121 97 109 6 128 94 151 41 70 
164 191 200 194 147 175 57 77 134 135 131 185 140 106 186 129 137 204 198 119 133 106 56 130 96 226 145 103 153 243 179 225 193 15 173 100 194 125 0 107 181 203 140 145 168 196 168 200 185 134 156 220 141 99 160 107 79 161 215 171 220 95 179 197 166 105 214 187 167 150 127 132 117 120 131 139 191 162 108 81 
288 315 322 318 271 189 181 201 260 259 257 261 266 120 310 253 248 328 410 189 278 230 180 254 220 296 172 227 279 313 275 349 246 257 297 114 280 249 378 0 282 256 357 269 238 285 292 228 309 258 280 295 228 175 213 153 203 280 339 209 316 219 303 288 290 229 241 262 291 274 344 146 241 134 217 263 315 286 219 205 
199 236 237 224 218 217 128 148 171 196 168 208 177 148 238 200 249 259 357 190 189 141 127 182 119 297 200 149 132 247 250 222 264 182 228 171 246 177 325 178 0 182 292 197 239 242 203 256 256 180 201 266 212 122 139 130 150 233 255 222 291 166 214 235 216 140 269 258 202 202 286 174 152 162 183 210 188 106 206 133 
111 72 149 156 118 127 28 48 83 97 80 108 89 58 157 100 149 171 262 90 119 53 27 101 19 197 110 50 102 214 150 148 164 94 140 71 165 96 225 78 128 0 204 116 139 142 115 166 156 80 37 191 112 22 131 30 50 145 167 122 191 66 126 135 128 52 179 158 114 121 198 84 64 72 102 110 100 133 47 52 
154 150 192 199 154 182 64 84 126 140 123 144 132 113 145 131 185 190 298 126 159 96 63 89 55 160 152 93 39 250 186 184 195 130 159 107 153 84 261 114 171 137 0 104 170 155 158 208 192 93 115 179 148 58 94 66 86 212 210 158 227 102 169 57 141 95 221 194 157 109 241 139 107 127 90 125 178 121 125 40 
193 152 147 135 156 181 107 127 81 189 180 205 87 139 41 174 228 234 267 169 100 174 124 150 116 276 191 171 100 158 224 133 148 117 203 133 173 145 322 157 106 198 209 0 175 216 186 199 230 154 117 177 199 119 155 127 129 144 224 158 225 163 197 182 175 173 260 171 137 170 196 138 122 153 151 171 99 17 127 101 
135 237 173 180 204 129 114 134 107 121 104 226 113 163 169 186 133 134 293 113 143 77 149 176 141 220 215 74 126 229 106 260 144 118 103 157 204 171 343 164 152 196 228 191 0 217 139 183 186 180 202 219 92 144 153 152 136 42 191 40 181 185 150 198 152 76 284 127 121 196 222 189 88 177 141 69 234 208 160 127 
214 235 37 214 205 137 115 135 194 155 191 118 200 68 244 64 196 124 297 137 222 156 114 188 154 244 120 161 213 261 172 283 128 161 93 158 184 183 235 165 104 204 223 203 103 0 218 176 243 192 200 210 176 109 161 101 137 145 195 106 247 153 212 145 197 163 176 193 217 208 226 94 164 82 121 172 232 210 141 139 
156 153 151 206 182 158 92 112 133 147 130 151 139 141 198 164 136 163 298 154 164 98 91 165 131 165 180 100 152 259 214 185 228 144 132 135 229 160 268 124 63 117 254 180 144 213 0 212 111 151 154 229 176 134 182 142 114 71 52 167 106 130 11 178 178 102 249 159 150 185 248 139 109 155 166 98 181 169 87 116 
146 191 184 187 112 140 22 42 118 128 115 194 124 71 215 87 80 180 221 21 154 88 93 167 133 128 123 96 137 145 195 235 52 89 149 65 112 162 311 72 154 168 163 182 126 164 150 0 190 160 168 127 0 126 125 104 44 168 175 129 185 132 134 169 131 87 192 152 149 92 150 97 99 85 49 115 150 179 170 118 
115 164 146 213 78 75 90 110 105 154 102 170 111 139 157 162 25 122 187 75 156 110 89 163 129 54 178 107 124 199 139 142 177 143 91 133 166 158 272 140 168 134 221 178 33 109 172 171 0 107 129 181 125 84 91 140 112 75 146 73 192 120 183 186 97 109 247 138 109 183 220 32 121 153 103 57 192 195 139 114 
144 57 99 174 127 155 37 57 116 115 113 165 122 86 166 109 158 158 302 99 152 86 36 110 76 197 125 83 135 223 159 205 173 127 127 80 174 105 282 87 161 183 237 125 148 62 148 181 143 0 22 200 121 79 140 87 59 130 195 151 138 75 159 192 139 85 194 167 147 130 231 112 97 100 111 119 85 142 32 61 
122 35 160 152 105 133 15 35 94 93 91 143 100 64 144 87 136 136 280 77 130 64 14 88 54 184 103 61 113 201 137 183 151 105 105 58 152 83 260 65 139 161 215 103 126 136 126 159 143 74 0 178 99 57 118 65 37 108 173 129 178 53 137 170 124 63 172 145 125 108 209 90 75 78 89 97 63 120 10 39 
175 202 209 205 158 186 68 88 147 146 144 148 153 117 197 140 189 215 302 130 183 117 67 141 107 237 59 114 166 254 162 236 133 158 184 111 205 136 265 118 192 214 244 156 179 172 179 115 196 145 167 0 115 62 171 118 90 221 226 96 231 106 190 175 177 116 128 183 178 161 231 143 128 21 142 150 202 173 146 92 
146 191 184 187 112 140 22 42 118 128 115 201 124 71 215 94 80 180 221 21 154 88 93 167 133 128 123 96 137 145 202 262 52 89 149 65 112 162 318 72 154 168 163 182 133 164 150 179 190 160 168 127 0 126 125 104 44 175 175 136 185 132 134 169 131 87 192 152 149 174 150 97 99 85 49 115 150 179 170 118 
113 140 151 143 96 124 6 26 85 84 82 86 91 55 135 78 127 153 240 68 121 55 5 79 45 175 94 52 104 192 128 174 142 96 122 49 143 74 203 56 130 152 206 94 117 143 117 150 134 83 105 169 90 0 109 56 28 159 164 120 169 44 128 113 115 54 163 136 116 99 200 81 66 69 80 88 140 111 84 30 
154 115 115 199 161 170 71 91 126 140 123 151 55 101 200 142 192 202 235 133 65 96 70 144 62 240 153 93 145 257 193 191 206 137 171 98 208 139 268 121 171 43 177 159 181 185 154 209 199 123 80 234 155 65 0 73 93 188 206 165 234 109 165 178 171 95 222 201 157 164 164 127 107 115 145 153 143 176 90 95 
235 322 266 286 258 229 168 188 213 227 210 278 219 217 338 233 145 295 307 167 249 183 239 241 247 274 269 180 232 281 158 312 198 200 264 211 258 277 392 218 258 286 309 297 271 229 245 146 238 286 304 273 146 250 253 0 190 313 221 92 233 278 180 305 258 182 338 179 244 238 296 243 194 231 195 261 286 314 266 233 
170 210 208 206 171 175 149 169 142 147 139 207 148 198 258 221 99 230 261 40 178 112 148 170 140 147 205 109 161 164 271 241 273 108 199 192 131 206 324 199 173 227 257 226 200 183 174 235 167 179 187 146 233 143 184 151 0 214 226 219 162 187 185 234 187 111 268 108 173 190 244 199 123 167 68 224 169 198 195 162 
93 195 131 138 165 87 108 128 65 79 62 188 71 140 127 158 109 92 251 87 101 35 107 134 99 194 192 32 84 188 162 228 193 76 61 134 176 129 305 158 110 154 186 149 110 193 97 141 208 138 160 193 141 102 111 110 130 0 149 96 203 143 108 156 110 34 261 174 79 154 180 166 46 154 115 27 193 166 118 85 
138 137 99 214 137 130 93 113 141 155 138 99 147 123 215 126 84 181 246 130 177 111 92 166 84 113 175 108 160 246 198 133 190 152 150 136 221 161 216 72 166 65 262 181 92 168 173 199 59 145 102 177 177 87 150 95 115 134 0 132 54 131 184 126 156 110 238 107 137 186 256 87 122 137 158 116 165 198 112 117 
149 247 187 194 221 177 164 184 121 135 118 186 127 196 246 214 93 209 255 177 157 91 163 149 155 200 248 88 140 189 66 220 266 108 178 190 213 185 303 214 166 238 242 205 179 177 153 214 146 194 212 239 214 158 195 166 186 221 205 0 141 202 164 213 166 90 317 87 152 169 236 178 102 210 150 203 194 222 174 141 
84 169 151 160 83 80 93 65 87 101 84 45 93 94 161 165 30 127 192 80 123 57 92 115 121 59 146 54 106 192 144 79 182 98 96 88 169 151 162 95 132 139 208 171 38 114 119 145 5 112 134 123 130 87 96 117 115 80 151 78 0 125 130 72 102 56 215 53 83 135 202 37 68 108 108 62 179 188 140 107 
69 133 107 114 141 165 84 104 41 55 38 164 47 116 166 134 104 129 227 45 77 11 83 110 75 144 168 8 60 169 184 204 186 52 98 110 136 105 281 134 86 158 162 125 110 138 73 134 90 76 98 151 134 78 115 86 5 144 125 118 167 0 84 142 86 10 237 113 72 65 156 122 22 130 73 146 161 142 94 61 
179 142 140 255 178 171 134 154 182 196 179 140 188 164 256 167 125 222 287 171 218 152 133 207 125 154 203 149 201 287 239 174 231 193 191 177 262 202 257 113 192 106 303 222 133 209 214 240 100 186 143 218 218 128 191 136 156 175 41 173 95 172 0 167 197 151 272 148 178 227 297 128 163 165 199 157 170 239 153 158 
97 199 135 142 127 176 58 78 69 83 66 192 75 107 194 130 179 157 255 120 105 39 111 138 103 103 159 36 88 209 212 232 194 80 126 101 180 133 309 108 114 183 167 153 138 204 101 162 212 142 164 206 162 106 140 114 80 172 153 146 207 150 112 0 114 38 228 178 100 158 184 133 50 121 139 174 192 170 122 89 
18 138 74 147 55 139 51 71 8 88 5 131 14 100 133 101 172 78 194 113 80 44 50 77 42 212 139 41 27 214 148 171 165 85 47 94 141 72 248 101 104 111 136 92 140 143 106 167 179 81 103 167 135 45 68 51 73 155 123 82 177 89 117 109 0 43 208 169 105 97 123 96 55 114 78 113 166 109 61 28 
59 161 97 115 131 175 74 94 31 56 28 154 37 106 156 124 164 119 217 136 67 1 73 100 65 228 158 9 50 171 174 194 176 42 88 100 153 95 271 124 87 148 152 115 100 166 63 124 174 104 126 179 124 68 105 76 96 134 115 108 169 112 74 132 76 0 227 151 62 120 146 132 12 120 101 136 176 132 84 51 
99 136 81 155 167 178 77 97 71 96 68 162 77 109 196 108 198 159 174 139 70 41 113 75 105 225 161 49 90 168 214 234 5 82 128 103 139 70 279 127 127 188 116 155 140 44 103 164 214 79 101 165 164 108 145 116 99 137 155 148 209 143 114 122 116 40 0 191 102 95 103 135 52 123 76 164 143 172 111 91 
62 164 100 107 134 134 77 97 34 48 31 99 40 109 159 127 84 122 220 134 70 4 76 62 68 113 161 1 53 174 177 133 179 45 91 103 126 98 216 127 79 151 155 118 92 168 66 127 59 107 129 152 127 71 108 79 99 134 118 111 54 115 77 126 79 3 230 0 65 82 149 91 15 123 63 116 179 135 87 54 
173 167 211 218 174 167 84 104 145 159 142 218 151 133 207 149 142 172 283 83 161 115 137 163 129 180 150 112 164 109 144 258 114 151 141 127 174 158 335 134 118 139 225 178 38 188 177 62 224 167 132 189 62 132 96 140 106 80 211 78 219 176 188 77 190 114 219 165 0 154 212 153 126 147 111 107 114 143 142 114 
201 290 239 246 231 173 162 182 173 187 170 261 179 211 193 234 212 261 359 153 209 143 180 242 172 207 228 140 192 256 291 143 261 184 230 205 233 237 368 212 218 240 271 152 185 295 205 209 280 233 255 187 209 175 197 183 113 227 257 225 275 218 216 104 218 142 297 221 147 0 288 130 154 208 181 254 251 169 226 193 
109 147 147 154 151 121 61 81 81 95 78 141 87 110 142 128 143 126 71 85 117 51 60 86 52 173 149 48 36 209 172 181 125 92 95 104 95 81 258 111 126 134 13 101 144 152 113 73 130 90 112 121 73 55 91 63 45 34 165 106 207 40 124 70 126 50 206 153 112 105 0 136 62 124 87 61 175 118 122 37 
157 182 182 195 148 43 58 78 129 136 126 138 122 107 187 130 102 205 264 43 132 99 57 131 97 150 146 96 148 167 180 226 194 111 174 101 134 126 255 108 136 110 244 146 169 186 161 202 178 126 147 149 142 52 67 108 80 169 213 172 221 88 172 165 167 98 215 188 160 151 231 0 110 121 71 140 172 163 136 82 
185 266 200 241 268 300 200 208 168 182 165 281 140 231 293 227 301 245 320 262 193 127 210 237 202 354 283 135 187 297 311 331 291 179 214 226 279 232 398 238 213 285 262 252 226 271 189 250 300 209 231 305 250 205 242 213 222 260 241 245 295 249 200 265 213 137 339 277 188 257 249 257 0 245 238 273 294 269 221 188 
154 181 188 184 137 165 47 67 126 125 123 127 132 96 176 119 168 194 281 109 162 96 46 120 86 216 38 93 145 233 141 215 112 137 163 90 184 115 244 97 171 193 223 135 158 151 158 94 175 124 146 210 94 41 150 97 69 200 205 75 210 85 169 154 156 95 107 162 157 140 210 122 107 0 121 129 181 152 125 71 
138 168 185 138 172 200 82 102 119 79 116 210 125 131 211 154 162 198 247 144 146 80 81 155 121 251 148 86 138 248 204 250 205 40 167 125 63 150 327 132 164 228 189 170 177 173 142 201 210 111 133 89 166 124 185 132 104 210 194 185 228 120 153 216 129 88 200 174 139 125 176 157 91 110 0 164 196 187 143 106 
131 211 169 176 193 166 104 124 103 117 100 226 109 153 100 176 82 65 244 135 139 73 103 172 137 232 192 70 122 161 135 266 166 114 34 147 151 167 329 154 148 191 164 187 90 166 135 114 195 163 184 177 114 140 148 148 126 132 136 69 190 142 146 129 138 72 261 156 52 192 218 179 84 167 163 0 166 195 99 123 
126 53 176 170 89 82 33 53 110 111 107 161 116 82 162 105 141 137 296 82 146 80 32 106 72 189 121 77 129 206 155 201 169 121 106 76 170 101 278 83 155 145 231 121 144 154 142 177 161 92 18 188 117 75 102 83 55 45 157 141 196 71 153 188 108 79 190 163 124 126 225 39 23 96 107 72 0 138 28 57 
208 135 252 118 171 164 90 110 188 172 185 243 194 122 244 162 211 219 340 152 83 158 114 188 154 259 174 155 207 141 237 116 226 178 188 116 156 183 360 140 89 227 282 203 158 215 220 182 213 174 100 160 182 157 184 155 112 127 239 198 208 153 231 197 190 157 243 154 120 192 269 121 105 136 138 154 82 0 110 139 
112 121 150 142 95 123 5 25 84 83 81 133 90 54 134 77 126 152 270 67 120 54 4 78 44 174 93 51 103 191 127 173 141 95 121 48 142 73 250 55 129 151 205 93 116 126 116 149 133 64 86 168 89 47 108 55 27 158 163 119 168 43 127 160 114 53 162 135 115 98 199 80 65 68 79 87 139 110 0 29 
119 110 152 161 114 142 24 44 103 102 100 104 109 73 105 91 145 150 258 86 139 73 23 49 15 193 112 70 122 210 146 144 155 90 119 67 113 44 221 74 148 170 224 64 130 115 135 168 152 53 75 139 108 18 127 26 46 172 182 118 187 62 146 131 101 72 181 154 134 69 218 99 84 87 50 85 138 81 85 0 
User answer matrix: 
0 215 207 221 188 217 99 119 141 162 138 227 147 148 228 171 157 60 319 161 213 148 98 172 138 244 187 145 160 253 130 264 231 172 29 142 146 167 344 149 223 196 159 187 210 220 201 179 190 158 180 172 179 141 201 33 121 252 131 64 185 137 212 176 133 147 256 151 209 192 256 174 159 162 173 181 233 204 94 123 
154 0 204 198 117 110 61 81 138 139 135 189 144 110 190 133 169 165 324 110 174 108 60 134 100 217 149 105 157 234 183 229 197 149 134 104 198 129 306 111 183 173 259 149 172 182 170 205 189 120 46 216 145 103 130 111 83 73 185 169 224 99 181 216 136 107 218 191 152 154 253 67 51 124 135 100 28 166 56 85 
177 198 0 177 168 100 78 98 157 118 154 81 163 31 207 27 159 87 260 100 185 119 77 151 117 207 83 124 176 224 135 246 91 168 56 121 173 146 198 128 67 167 186 166 66 183 181 139 206 155 163 199 139 72 124 64 100 108 158 69 210 116 175 108 160 126 139 156 180 171 189 57 130 45 128 135 212 173 121 102 
98 143 136 0 170 170 113 133 70 54 67 135 76 145 195 163 120 158 222 170 106 40 112 98 104 149 123 37 89 210 213 169 197 81 127 139 38 134 252 163 115 187 164 154 128 148 102 163 95 86 108 64 163 107 144 115 135 170 154 147 90 151 113 162 115 39 192 36 101 118 151 127 51 85 99 152 171 171 118 90 
37 128 93 166 0 84 70 90 27 107 24 150 33 114 152 120 143 97 213 84 78 63 69 96 61 181 158 60 46 208 167 190 184 104 66 111 160 91 267 120 123 56 155 111 159 162 125 186 127 100 93 186 139 64 13 70 92 174 68 101 122 108 136 128 19 62 227 175 124 116 142 41 74 128 97 132 156 128 80 47 
125 139 139 166 131 0 95 115 97 107 94 175 79 125 218 166 59 185 221 0 89 67 94 166 86 107 165 64 116 124 201 215 230 68 154 122 91 161 292 145 133 67 201 181 166 143 129 190 146 132 104 106 179 89 24 97 61 126 181 174 223 56 140 198 142 66 228 169 128 121 188 151 78 127 28 153 129 158 114 117 
127 187 183 209 90 118 0 20 117 150 114 179 123 49 201 72 121 187 283 62 168 121 71 145 111 169 101 118 136 186 180 240 136 130 156 43 153 140 296 50 195 146 245 160 111 205 183 157 168 149 152 168 156 104 103 82 22 153 158 114 163 110 194 206 109 120 170 130 182 165 232 75 132 63 90 154 134 177 148 96 
107 167 163 227 70 98 90 0 97 168 94 170 103 29 219 162 157 167 283 98 148 133 89 163 129 202 81 130 116 222 184 222 155 166 136 23 189 158 287 30 191 126 225 178 147 194 195 137 148 167 132 204 137 84 83 62 112 159 138 118 143 128 206 197 89 132 150 171 194 183 212 55 137 43 126 172 114 195 128 114 
139 130 66 181 134 162 44 64 0 122 120 124 6 93 125 93 165 153 186 106 139 93 43 69 35 204 132 90 19 230 143 164 157 110 122 87 133 64 241 94 96 117 128 84 132 135 105 188 172 73 95 159 128 38 74 46 66 147 157 77 207 82 116 101 121 92 201 164 154 89 115 119 104 107 70 105 158 101 53 20 
59 170 106 59 140 175 74 94 40 0 37 163 46 106 165 133 173 119 226 136 67 1 82 109 74 208 158 7 59 171 183 203 176 51 88 100 97 104 280 124 85 157 161 124 100 175 63 124 154 113 135 123 124 77 114 85 96 134 115 117 149 121 74 139 85 9 227 95 62 129 155 132 12 120 110 145 176 141 93 60 
66 133 69 142 103 164 46 66 3 83 0 126 9 95 128 96 167 126 189 108 75 39 45 72 37 207 134 36 22 209 146 166 160 80 95 89 136 67 243 96 99 120 131 87 135 138 101 162 174 76 98 162 130 40 77 48 68 150 153 80 207 84 112 104 48 38 203 167 100 92 118 121 50 109 73 108 161 104 56 23 
124 182 162 169 90 118 48 20 96 110 93 0 102 49 177 120 139 184 282 80 132 66 47 100 87 130 101 63 115 204 170 216 175 107 153 43 164 116 117 50 141 146 194 136 159 185 128 157 168 125 147 186 132 42 103 82 70 179 158 138 163 86 139 27 109 65 170 178 127 120 211 75 77 63 101 130 134 153 126 72 
175 126 60 237 138 160 106 68 165 178 162 141 0 91 235 87 219 147 180 160 216 155 105 179 145 264 143 152 145 284 195 274 151 196 116 91 204 174 258 98 127 194 122 194 126 131 99 182 210 69 91 230 182 132 151 124 128 143 151 129 205 144 110 168 157 154 199 216 216 199 109 117 166 105 180 170 154 211 101 130 
168 195 202 198 151 69 61 81 140 139 137 141 146 0 190 133 128 208 290 69 158 110 60 134 100 176 52 107 159 193 155 229 126 137 177 104 160 129 258 111 162 136 237 149 118 165 172 108 189 138 160 175 108 55 93 33 83 160 219 89 224 99 183 168 170 109 121 176 171 154 224 26 121 14 97 143 195 166 139 85 
152 170 106 221 115 199 84 104 40 162 139 164 46 133 0 133 205 193 226 146 179 133 83 109 75 244 172 130 59 270 183 204 197 150 162 127 173 104 281 134 136 157 168 124 172 175 145 228 212 113 135 199 168 78 114 86 106 187 183 117 237 122 156 141 134 132 241 204 194 129 155 156 144 147 110 145 198 141 93 60 
150 260 196 150 197 168 153 127 130 91 127 107 136 156 208 0 135 173 233 152 158 92 154 128 164 237 208 98 149 231 108 262 64 141 142 150 188 194 224 157 176 235 175 214 39 219 154 215 188 203 225 214 131 149 192 175 175 81 189 42 183 193 148 134 175 99 277 129 153 148 162 182 103 170 129 108 233 231 183 150 
90 223 121 220 215 84 164 184 147 161 144 202 153 152 271 148 0 150 162 84 173 117 163 175 170 191 155 114 165 208 220 246 212 152 119 206 175 210 247 214 188 151 249 230 187 84 179 211 172 216 188 190 211 158 108 123 145 210 221 154 167 140 190 229 192 116 224 113 178 195 262 178 128 166 112 229 213 242 184 166 
117 155 173 161 129 157 39 59 107 102 104 167 113 88 168 111 160 0 270 101 154 88 38 112 78 208 127 85 126 225 161 207 175 129 146 82 86 107 284 89 163 185 212 127 150 160 141 183 167 98 120 112 123 81 142 89 61 192 193 153 202 77 152 194 99 87 196 169 149 132 199 114 99 102 113 121 173 144 34 63 
99 129 146 99 112 140 22 42 80 40 77 150 86 71 151 94 143 159 0 84 107 41 21 95 61 191 109 47 99 208 144 190 140 91 128 65 24 90 267 72 125 168 150 110 133 134 103 162 150 72 94 50 106 64 125 72 44 171 155 118 185 60 114 177 125 49 135 135 100 115 137 97 52 71 96 104 156 127 104 46 
149 170 180 166 131 143 110 130 147 107 144 233 153 159 218 182 59 209 221 0 174 108 109 178 144 107 165 114 166 124 232 273 233 68 178 153 91 173 306 160 133 187 217 193 205 143 170 221 231 139 147 106 194 147 144 155 132 174 199 202 226 148 181 244 150 116 228 172 167 153 204 168 119 127 28 192 129 158 157 129 
134 194 190 216 97 108 7 27 124 157 121 180 130 39 208 79 128 194 290 69 0 128 78 152 118 176 91 125 143 193 187 247 143 137 163 33 160 147 297 57 136 153 252 167 118 204 190 147 175 156 159 175 147 94 110 72 29 160 165 121 170 117 201 207 116 127 160 137 189 172 239 65 139 53 97 161 141 184 138 103 
58 171 107 114 141 174 73 93 41 55 38 164 47 105 166 134 174 118 227 135 66 0 83 110 75 227 157 8 60 170 184 204 175 52 87 99 152 105 281 123 86 158 162 125 99 176 62 123 173 114 136 178 123 78 115 86 95 133 114 118 168 122 73 138 86 10 226 150 61 130 156 131 11 119 111 146 175 142 94 61 
108 135 146 138 91 119 1 21 80 79 77 129 86 50 130 73 122 148 266 63 116 50 0 74 40 170 89 47 99 187 123 169 137 91 117 44 138 69 246 51 125 147 201 89 112 140 112 145 129 78 100 164 85 43 104 51 23 154 159 115 164 39 123 156 110 49 158 131 111 94 195 76 61 64 75 83 135 106 110 25 
70 169 126 139 107 153 83 103 60 80 57 183 66 132 185 153 163 130 246 145 132 81 82 0 94 227 149 87 79 249 200 163 206 41 99 126 64 124 300 133 156 163 188 144 178 174 143 202 211 112 134 90 167 97 120 103 105 207 175 134 229 121 154 124 52 89 201 175 140 20 175 148 92 111 1 165 197 161 113 80 
116 118 154 146 99 127 9 29 88 87 85 89 94 58 138 81 130 156 243 71 124 58 8 82 0 178 97 55 107 195 131 129 145 99 125 52 146 77 206 59 133 155 209 97 120 123 120 153 137 61 83 172 93 3 112 11 31 162 167 103 172 47 131 116 118 57 166 139 119 102 203 84 69 72 83 91 143 114 87 33 
61 152 117 190 24 108 94 114 51 131 48 174 57 138 111 144 167 121 188 108 102 80 93 120 85 0 182 84 70 232 191 214 208 128 90 135 184 115 291 144 147 80 179 135 179 186 142 203 151 124 117 210 163 88 37 94 116 198 92 125 146 132 153 152 43 86 246 199 141 140 166 65 91 152 121 156 180 152 104 71 
116 143 150 146 99 127 9 29 88 87 85 89 94 58 138 81 130 156 243 71 124 58 8 82 48 178 0 55 107 195 103 177 74 99 125 52 146 77 206 59 133 155 185 97 120 113 120 56 137 86 108 172 56 3 112 59 31 162 167 37 172 47 131 116 118 57 69 124 119 102 172 84 69 72 83 91 143 114 87 33 
61 163 99 106 133 177 76 96 33 47 30 156 39 108 158 126 166 121 219 138 69 3 75 102 67 230 160 0 52 173 176 196 178 44 90 102 144 97 273 126 78 150 154 117 102 168 65 126 176 106 128 170 126 70 107 78 98 136 117 110 171 114 76 134 78 2 229 142 64 122 148 134 14 122 103 138 178 134 86 53 
120 111 153 162 115 143 25 45 104 103 101 105 110 74 106 92 146 151 259 87 120 74 24 50 16 194 113 71 0 211 147 145 156 91 120 68 114 45 222 75 149 98 225 65 131 116 136 169 153 54 76 140 109 19 55 27 47 173 183 119 188 63 147 132 102 73 182 155 135 70 219 100 85 88 51 86 139 82 86 1 
106 58 144 151 94 87 29 49 78 92 75 109 84 78 110 73 146 142 263 87 114 48 28 54 20 194 117 45 97 0 151 149 137 89 111 72 118 49 226 79 9 150 199 69 112 120 110 171 157 58 23 144 113 23 107 31 51 50 162 115 192 67 121 136 106 47 186 159 109 51 193 44 28 92 55 77 5 34 33 5 
117 181 148 247 197 111 152 172 142 188 171 229 148 179 233 150 27 177 189 111 200 144 151 177 143 218 182 141 161 123 0 272 202 179 146 195 199 172 274 202 132 178 270 192 189 111 206 238 199 181 146 217 150 146 135 150 172 173 248 181 194 167 217 243 216 143 251 140 205 174 257 167 151 193 139 200 128 157 156 128 
165 171 212 165 176 171 86 106 146 106 143 166 152 135 167 153 146 176 274 87 165 107 85 111 77 184 85 113 165 113 148 0 118 152 145 129 90 106 283 136 122 143 216 126 42 177 169 66 214 115 136 44 66 80 100 88 108 84 215 82 223 124 180 81 163 115 154 169 4 131 203 157 118 65 112 111 118 143 146 62 
94 196 132 150 166 210 109 129 66 91 63 189 72 141 191 159 199 154 169 171 102 36 108 135 100 220 193 44 85 206 209 229 0 77 123 135 188 130 306 159 122 183 111 150 135 201 98 159 209 139 161 214 159 103 140 111 131 132 150 143 204 138 109 117 111 35 262 186 97 155 98 167 47 155 136 159 211 167 119 86 
182 249 185 258 215 206 125 145 119 199 116 242 125 155 244 197 122 242 284 187 118 155 161 188 153 294 207 152 138 303 180 282 261 0 211 151 252 183 359 175 215 236 247 203 236 206 217 263 290 192 214 278 246 156 193 164 147 266 269 196 288 200 228 220 164 154 276 235 216 208 234 181 166 169 189 224 259 220 172 139 
122 186 178 192 159 188 70 90 112 133 109 198 118 119 199 142 128 31 290 132 184 119 69 143 109 215 158 116 131 224 101 235 206 143 0 113 117 138 315 120 194 167 130 158 181 191 172 214 161 129 151 143 154 112 172 120 92 223 102 35 156 108 183 187 104 118 227 122 180 163 227 145 130 133 144 152 204 175 65 94 
174 201 208 204 157 75 67 87 146 145 143 147 152 6 196 139 134 214 296 75 164 116 66 140 106 182 58 113 165 199 161 235 132 143 183 0 166 135 264 117 168 142 243 155 124 171 178 114 195 144 166 181 114 61 99 39 89 166 225 95 202 105 189 174 176 115 127 148 177 160 230 32 127 20 103 149 201 172 105 91 
75 105 122 75 156 191 85 105 56 16 53 174 62 122 181 149 189 135 184 147 83 17 84 125 90 224 85 23 75 185 188 219 159 67 104 116 0 120 291 135 101 173 126 140 114 110 79 138 170 48 70 26 138 88 130 101 107 147 131 122 165 123 90 153 101 25 154 111 76 145 113 148 28 47 126 161 133 157 80 76 
75 66 108 144 112 158 46 66 65 85 62 154 71 95 175 47 167 135 251 108 137 86 45 5 85 206 134 92 84 232 155 168 111 46 104 89 69 0 271 96 161 168 193 134 86 71 148 190 152 9 31 95 130 88 125 96 68 128 180 89 147 84 159 129 57 94 203 176 145 25 180 121 97 109 6 128 94 151 41 70 
164 191 200 194 147 175 57 77 134 135 131 185 140 106 186 129 137 204 198 119 133 106 56 130 96 226 145 103 153 243 179 225 193 15 173 100 194 125 0 107 181 203 140 145 168 196 168 200 185 134 156 220 141 99 160 107 79 161 215 171 220 95 179 197 166 105 214 187 167 150 127 132 117 120 131 139 191 162 108 81 
288 315 322 318 271 189 181 201 260 259 257 261 266 120 310 253 248 328 410 189 278 230 180 254 220 296 172 227 279 313 275 349 246 257 297 114 280 249 378 0 282 256 357 269 238 285 292 228 309 258 280 295 228 175 213 153 203 280 339 209 316 219 303 288 290 229 241 262 291 274 344 146 241 134 217 263 315 286 219 205 
199 236 237 224 218 217 128 148 171 196 168 208 177 148 238 200 249 259 357 190 189 141 127 182 119 297 200 149 132 247 250 222 264 182 228 171 246 177 325 178 0 182 292 197 239 242 203 256 256 180 201 266 212 122 139 130 150 233 255 222 291 166 214 235 216 140 269 258 202 202 286 174 152 162 183 210 188 106 206 133 
111 72 149 156 118 127 28 48 83 97 80 108 89 58 157 100 149 171 262 90 119 53 27 101 19 197 110 50 102 214 150 148 164 94 140 71 165 96 225 78 128 0 204 116 139 142 115 166 156 80 37 191 112 22 131 30 50 145 167 122 191 66 126 135 128 52 179 158 114 121 198 84 64 72 102 110 100 133 47 52 
154 150 192 199 154 182 64 84 126 140 123 144 132 113 145 131 185 190 298 126 159 96 63 89 55 160 152 93 39 250 186 184 195 130 159 107 153 84 261 114 171 137 0 104 170 155 158 208 192 93 115 179 148 58 94 66 86 212 210 158 227 102 169 57 141 95 221 194 157 109 241 139 107 127 90 125 178 121 125 40 
193 152 147 135 156 181 107 127 81 189 180 205 87 139 41 174 228 234 267 169 100 174 124 150 116 276 191 171 100 158 224 133 148 117 203 133 173 145 322 157 106 198 209 0 175 216 186 199 230 154 117 177 199 119 155 127 129 144 224 158 225 163 197 182 175 173 260 171 137 170 196 138 122 153 151 171 99 17 127 101 
135 237 173 180 204 129 114 134 107 121 104 226 113 163 169 186 133 134 293 113 143 77 149 176 141 220 215 74 126 229 106 260 144 118 103 157 204 171 343 164 152 196 228 191 0 217 139 183 186 180 202 219 92 144 153 152 136 42 191 40 181 185 150 198 152 76 284 127 121 196 222 189 88 177 141 69 234 208 160 127 
214 235 37 214 205 137 115 135 194 155 191 118 200 68 244 64 196 124 297 137 222 156 114 188 154 244 120 161 213 261 172 283 128 161 93 158 184 183 235 165 104 204 223 203 103 0 218 176 243 192 200 210 176 109 161 101 137 145 195 106 247 153 212 145 197 163 176 193 217 208 226 94 164 82 121 172 232 210 141 139 
156 153 151 206 182 158 92 112 133 147 130 151 139 141 198 164 136 163 298 154 164 98 91 165 131 165 180 100 152 259 214 185 228 144 132 135 229 160 268 124 63 117 254 180 144 213 0 212 111 151 154 229 176 134 182 142 114 71 52 167 106 130 11 178 178 102 249 159 150 185 248 139 109 155 166 98 181 169 87 116 
146 191 184 187 112 140 22 42 118 128 115 194 124 71 215 87 80 180 221 21 154 88 93 167 133 128 123 96 137 145 195 235 52 89 149 65 112 162 311 72 154 168 163 182 126 164 150 0 190 160 168 127 0 126 125 104 44 168 175 129 185 132 134 169 131 87 192 152 149 92 150 97 99 85 49 115 150 179 170 118 
115 164 146 213 78 75 90 110 105 154 102 170 111 139 157 162 25 122 187 75 156 110 89 163 129 54 178 107 124 199 139 142 177 143 91 133 166 158 272 140 168 134 221 178 33 109 172 171 0 107 129 181 125 84 91 140 112 75 146 73 192 120 183 186 97 109 247 138 109 183 220 32 121 153 103 57 192 195 139 114 
144 57 99 174 127 155 37 57 116 115 113 165 122 86 166 109 158 158 302 99 152 86 36 110 76 197 125 83 135 223 159 205 173 127 127 80 174 105 282 87 161 183 237 125 148 62 148 181 143 0 22 200 121 79 140 87 59 130 195 151 138 75 159 192 139 85 194 167 147 130 231 112 97 100 111 119 85 142 32 61 
122 35 160 152 105 133 15 35 94 93 91 143 100 64 144 87 136 136 280 77 130 64 14 88 54 184 103 61 113 201 137 183 151 105 105 58 152 83 260 65 139 161 215 103 126 136 126 159 143 74 0 178 99 57 118 65 37 108 173 129 178 53 137 170 124 63 172 145 125 108 209 90 75 78 89 97 63 120 10 39 
175 202 209 205 158 186 68 88 147 146 144 148 153 117 197 140 189 215 302 130 183 117 67 141 107 237 59 114 166 254 162 236 133 158 184 111 205 136 265 118 192 214 244 156 179 172 179 115 196 145 167 0 115 62 171 118 90 221 226 96 231 106 190 175 177 116 128 183 178 161 231 143 128 21 142 150 202 173 146 92 
146 191 184 187 112 140 22 42 118 128 115 201 124 71 215 94 80 180 221 21 154 88 93 167 133 128 123 96 137 145 202 262 52 89 149 65 112 162 318 72 154 168 163 182 133 164 150 179 190 160 168 127 0 126 125 104 44 175 175 136 185 132 134 169 131 87 192 152 149 174 150 97 99 85 49 115 150 179 170 118 
113 140 151 143 96 124 6 26 85 84 82 86 91 55 135 78 127 153 240 68 121 55 5 79 45 175 94 52 104 192 128 174 142 96 122 49 143 74 203 56 130 152 206 94 117 143 117 150 134 83 105 169 90 0 109 56 28 159 164 120 169 44 128 113 115 54 163 136 116 99 200 81 66 69 80 88 140 111 84 30 
154 115 115 199 161 170 71 91 126 140 123 151 55 101 200 142 192 202 235 133 65 96 70 144 62 240 153 93 145 257 193 191 206 137 171 98 208 139 268 121 171 43 177 159 181 185 154 209 199 123 80 234 155 65 0 73 93 188 206 165 234 109 165 178 171 95 222 201 157 164 164 127 107 115 145 153 143 176 90 95 
235 322 266 286 258 229 168 188 213 227 210 278 219 217 338 233 145 295 307 167 249 183 239 241 247 274 269 180 232 281 158 312 198 200 264 211 258 277 392 218 258 286 309 297 271 229 245 146 238 286 304 273 146 250 253 0 190 313 221 92 233 278 180 305 258 182 338 179 244 238 296 243 194 231 195 261 286 314 266 233 
170 210 208 206 171 175 149 169 142 147 139 207 148 198 258 221 99 230 261 40 178 112 148 170 140 147 205 109 161 164 271 241 273 108 199 192 131 206 324 199 173 227 257 226 200 183 174 235 167 179 187 146 233 143 184 151 0 214 226 219 162 187 185 234 187 111 268 108 173 190 244 199 123 167 68 224 169 198 195 162 
93 195 131 138 165 87 108 128 65 79 62 188 71 140 127 158 109 92 251 87 101 35 107 134 99 194 192 32 84 188 162 228 193 76 61 134 176 129 305 158 110 154 186 149 110 193 97 141 208 138 160 193 141 102 111 110 130 0 149 96 203 143 108 156 110 34 261 174 79 154 180 166 46 154 115 27 193 166 118 85 
138 137 99 214 137 130 93 113 141 155 138 99 147 123 215 126 84 181 246 130 177 111 92 166 84 113 175 108 160 246 198 133 190 152 150 136 221 161 216 72 166 65 262 181 92 168 173 199 59 145 102 177 177 87 150 95 115 134 0 132 54 131 184 126 156 110 238 107 137 186 256 87 122 137 158 116 165 198 112 117 
149 247 187 194 221 177 164 184 121 135 118 186 127 196 246 214 93 209 255 177 157 91 163 149 155 200 248 88 140 189 66 220 266 108 178 190 213 185 303 214 166 238 242 205 179 177 153 214 146 194 212 239 214 158 195 166 186 221 205 0 141 202 164 213 166 90 317 87 152 169 236 178 102 210 150 203 194 222 174 141 
84 169 151 160 83 80 93 65 87 101 84 45 93 94 161 165 30 127 192 80 123 57 92 115 121 59 146 54 106 192 144 79 182 98 96 88 169 151 162 95 132 139 208 171 38 114 119 145 5 112 134 123 130 87 96 117 115 80 151 78 0 125 130 72 102 56 215 53 83 135 202 37 68 108 108 62 179 188 140 107 
69 133 107 114 141 165 84 104 41 55 38 164 47 116 166 134 104 129 227 45 77 11 83 110 75 144 168 8 60 169 184 204 186 52 98 110 136 105 281 134 86 158 162 125 110 138 73 134 90 76 98 151 134 78 115 86 5 144 125 118 167 0 84 142 86 10 237 113 72 65 156 122 22 130 73 146 161 142 94 61 
179 142 140 255 178 171 134 154 182 196 179 140 188 164 256 167 125 222 287 171 218 152 133 207 125 154 203 149 201 287 239 174 231 193 191 177 262 202 257 113 192 106 303 222 133 209 214 240 100 186 143 218 218 128 191 136 156 175 41 173 95 172 0 167 197 151 272 148 178 227 297 128 163 165 199 157 170 239 153 158 
97 199 135 142 127 176 58 78 69 83 66 192 75 107 194 130 179 157 255 120 105 39 111 138 103 103 159 36 88 209 212 232 194 80 126 101 180 133 309 108 114 183 167 153 138 204 101 162 212 142 164 206 162 106 140 114 80 172 153 146 207 150 112 0 114 38 228 178 100 158 184 133 50 121 139 174 192 170 122 89 
18 138 74 147 55 139 51 71 8 88 5 131 14 100 133 101 172 78 194 113 80 44 50 77 42 212 139 41 27 214 148 171 165 85 47 94 141 72 248 101 104 111 136 92 140 143 106 167 179 81 103 167 135 45 68 51 73 155 123 82 177 89 117 109 0 43 208 169 105 97 123 96 55 114 78 113 166 109 61 28 
59 161 97 115 131 175 74 94 31 56 28 154 37 106 156 124 164 119 217 136 67 1 73 100 65 228 158 9 50 171 174 194 176 42 88 100 153 95 271 124 87 148 152 115 100 166 63 124 174 104 126 179 124 68 105 76 96 134 115 108 169 112 74 132 76 0 227 151 62 120 146 132 12 120 101 136 176 132 84 51 
99 136 81 155 167 178 77 97 71 96 68 162 77 109 196 108 198 159 174 139 70 41 113 75 105 225 161 49 90 168 214 234 5 82 128 103 139 70 279 127 127 188 116 155 140 44 103 164 214 79 101 165 164 108 145 116 99 137 155 148 209 143 114 122 116 40 0 191 102 95 103 135 52 123 76 164 143 172 111 91 
62 164 100 107 134 134 77 97 34 48 31 99 40 109 159 127 84 122 220 134 70 4 76 62 68 113 161 1 53 174 177 133 179 45 91 103 126 98 216 127 79 151 155 118 92 168 66 127 59 107 129 152 127 71 108 79 99 134 118 111 54 115 77 126 79 3 230 0 65 82 149 91 15 123 63 116 179 135 87 54 
173 167 211 218 174 167 84 104 145 159 142 218 151 133 207 149 142 172 283 83 161 115 137 163 129 180 150 112 164 109 144 258 114 151 141 127 174 158 335 134 118 139 225 178 38 188 177 62 224 167 132 189 62 132 96 140 106 80 211 78 219 176 188 77 190 114 219 165 0 154 212 153 126 147 111 107 114 143 142 114 
201 290 239 246 231 173 162 182 173 187 170 261 179 211 193 234 212 261 359 153 209 143 180 242 172 207 228 140 192 256 291 143 261 184 230 205 233 237 368 212 218 240 271 152 185 295 205 209 280 233 255 187 209 175 197 183 113 227 257 225 275 218 216 104 218 142 297 221 147 0 288 130 154 208 181 254 251 169 226 193 
109 147 147 154 151 121 61 81 81 95 78 141 87 110 142 128 143 126 71 85 117 51 60 86 52 173 149 48 36 209 172 181 125 92 95 104 95 81 258 111 126 134 13 101 144 152 113 73 130 90 112 121 73 55 91 63 45 34 165 106 207 40 124 70 126 50 206 153 112 105 0 136 62 124 87 61 175 118 122 37 
157 182 182 195 148 43 58 78 129 136 126 138 122 107 187 130 102 205 264 43 132 99 57 131 97 150 146 96 148 167 180 226 194 111 174 101 134 126 255 108 136 110 244 146 169 186 161 202 178 126 147 149 142 52 67 108 80 169 213 172 221 88 172 165 167 98 215 188 160 151 231 0 110 121 71 140 172 163 136 82 
185 266 200 241 268 300 200 208 168 182 165 281 140 231 293 227 301 245 320 262 193 127 210 237 202 354 283 135 187 297 311 331 291 179 214 226 279 232 398 238 213 285 262 252 226 271 189 250 300 209 231 305 250 205 242 213 222 260 241 245 295 249 200 265 213 137 339 277 188 257 249 257 0 245 238 273 294 269 221 188 
154 181 188 184 137 165 47 67 126 125 123 127 132 96 176 119 168 194 281 109 162 96 46 120 86 216 38 93 145 233 141 215 112 137 163 90 184 115 244 97 171 193 223 135 158 151 158 94 175 124 146 210 94 41 150 97 69 200 205 75 210 85 169 154 156 95 107 162 157 140 210 122 107 0 121 129 181 152 125 71 
138 168 185 138 172 200 82 102 119 79 116 210 125 131 211 154 162 198 247 144 146 80 81 155 121 251 148 86 138 248 204 250 205 40 167 125 63 150 327 132 164 228 189 170 177 173 142 201 210 111 133 89 166 124 185 132 104 210 194 185 228 120 153 216 129 88 200 174 139 125 176 157 91 110 0 164 196 187 143 106 
131 211 169 176 193 166 104 124 103 117 100 226 109 153 100 176 82 65 244 135 139 73 103 172 137 232 192 70 122 161 135 266 166 114 34 147 151 167 329 154 148 191 164 187 90 166 135 114 195 163 184 177 114 140 148 148 126 132 136 69 190 142 146 129 138 72 261 156 52 192 218 179 84 167 163 0 166 195 99 123 
126 53 176 170 89 82 33 53 110 111 107 161 116 82 162 105 141 137 296 82 146 80 32 106 72 189 121 77 129 206 155 201 169 121 106 76 170 101 278 83 155 145 231 121 144 154 142 177 161 92 18 188 117 75 102 83 55 45 157 141 196 71 153 188 108 79 190 163 124 126 225 39 23 96 107 72 0 138 28 57 
208 135 252 118 171 164 90 110 188 172 185 243 194 122 244 162 211 219 340 152 83 158 114 188 154 259 174 155 207 141 237 116 226 178 188 116 156 183 360 140 89 227 282 203 158 215 220 182 213 174 100 160 182 157 184 155 112 127 239 198 208 153 231 197 190 157 243 154 120 192 269 121 105 136 138 154 82 0 110 139 
112 121 150 142 95 123 5 25 84 83 81 133 90 54 134 77 126 152 270 67 120 54 4 78 44 174 93 51 103 191 127 173 141 95 121 48 142 73 250 55 129 151 205 93 116 126 116 149 133 64 86 168 89 47 108 55 27 158 163 119 168 43 127 160 114 53 162 135 115 98 199 80 65 68 79 87 139 110 0 29 
119 110 152 161 114 142 24 44 103 102 100 104 109 73 105 91 145 150 258 86 139 73 23 49 15 193 112 70 122 210 146 144 155 90 119 67 113 44 221 74 148 170 224 64 130 115 135 168 152 53 75 139 108 18 127 26 46 172 182 118 187 62 146 131 101 72 181 154 134 69 218 99 84 87 50 85 138 81 85 0 
Result is correct
