10 39
Standard answer matrix: 
0 927 488 840 1024 548 945 992 683 1209 
160 0 223 110 590 114 511 65 432 958 
719 559 0 669 1011 673 932 624 306 832 
552 392 113 0 480 4 401 457 322 848 
853 693 332 556 0 264 141 728 141 667 
589 429 109 292 476 0 397 464 318 844 
932 772 411 635 79 343 0 807 0 526 
298 138 361 248 620 252 649 0 570 1096 
1354 1194 670 802 705 806 626 1114 0 526 
886 726 511 735 179 443 100 588 100 0 
User answer matrix: 
0 927 488 840 1024 548 945 992 683 1209 
160 0 223 110 590 114 511 65 432 958 
719 559 0 669 1011 673 932 624 306 832 
552 392 113 0 480 4 401 457 322 848 
853 693 332 556 0 264 141 728 141 667 
589 429 109 292 476 0 397 464 318 844 
932 772 411 635 79 343 0 807 0 526 
298 138 361 248 620 252 649 0 570 1096 
1354 1194 670 802 705 806 626 1114 0 526 
886 726 511 735 179 443 100 588 100 0 
Result is correct
