//#rank wtime utime stime mtime pcomm gbyte gflop bytes_tx bytes_rx
11 57.0505909185155 100 28.1590252073596 100 100 0 = =
9 100 92.6347032265315 71.8191677827481 88.4482952954736 100 0 = =
5 99.9298500241896 92.9123396154075 72.5459394575651 86.6994142521079 100 0 = =
8 67.5692860598521 90.7229783774136 85.1642859072681 86.4098732394537 100 0 = =
3 99.9972354689336 92.3418629401694 74.0141494687195 83.3566638670026 100 0 = =
6 87.1684290552215 89.8001679039114 88.8390565476995 79.3937454778154 100 0 = =
2 79.2929711797636 89.8682549230881 88.4608110663821 74.8398677007244 100 0 = =
0 71.4817886516 94.9417294102871 59.0279091130143 74.3779837328612 100 0 = =
10 57.5903656092335 92.5804980267985 71.3374837412338 53.0285456654292 100 0 = =
7 63.0824521390559 92.3940850228389 71.7280800954105 47.5919859313852 100 0 = =
1 99.9972354689336 92.3768980082894 74.2175529061218 32.7709765737202 100 0 = =
4 86.9458843043749 86.4949727982443 100 30.5416683331334 100 0 = =


